29350
56632
24721
26287
4464
49104
25554
39985
17475
35087
60950
7671
58072
23412
14684
32999
29671
61664
59210
24784
63279
43279
18803
2858
47152
46470
31098
46028
23599
3372
28982
971
32814
40599
54575
6667
32663
32650
26626
50337
61324
15992
37644
45054
7921
42964
15134
1941
29927
12732
20079
61685
57432
17499
26257
61710
4184
61751
15705
39240
53229
38751
312
25007
25947
60044
13432
52497
5818
55223
19860
30081
8352
38684
54596
27077
16694
43500
1021
63734
3953
38273
39829
12062
21678
30494
54799
34390
33706
24089
7969
47658
50241
3896
65170
61577
17544
1856
9408
9081
3892
25682
11327
39508
22965
45628
2684
28579
29648
21838
47363
23411
29535
42498
45225
59320
43789
28165
60090
40747
36681
53572
16802
56660
4788
15238
60795
31296
49169
27017
8430
21589
1225
21338
21238
36960
43301
41265
55757
35458
23646
29883
9581
50040
22312
64152
7308
23438
20771
15140
2132
53645
39348
37597
47377
3675
58446
45519
29614
14324
59587
56036
3200
11865
4792
47075
53906
60694
11557
39321
34550
45668
57674
36209
12429
50207
30930
48796
50592
55435
8715
4495
11451
38965
55557
32971
15563
52366
33139
12834
7378
44829
61790
32865
38048
25880
1246
52771
42368
7538
64641
10384
43688
487
42024
54148
37053
22732
9202
22739
41301
56187
4581
45545
22034
36474
56873
29287
34341
58104
5820
21480
39915
51123
9995
17047
56868
42823
7622
45195
62565
24157
62550
59098
55245
37569
45322
44840
15170
51151
15525
46052
63660
15056
44658
34801
17901
17711
17690
23855
56372
26973
61135
953
2492
39754
44759
5784
157
65027
61900
64979
63438
36367
60106
11802
44500
49990
58082
21260
4410
32268
20358
42952
47559
55902
62637
63774
8571
12427
2585
47735
19603
28226
41275
21035
41015
32057
34859
42975
52832
62732
55089
61456
63189
22130
50888
20228
55292
25836
31956
58274
18820
25491
9900
1081
22130
26661
64356
25639
28334
12034
1002
44574
4403
51691
46675
5028
29412
48056
21578
58182
27024
3087
27448
25796
58062
12417
64698
51339
31130
21446
30869
44921
6060
10573
25507
48173
44971
41484
62165
20893
61030
10545
779
28220
41763
39519
16388
53550
42060
39429
25288
58103
9768
61665
44093
21999
4082
49327
61505
25
34662
63247
2500
63626
4050
3988
40551
45630
36394
42152
63812
21879
54172
19127
5614
27605
64088
59498
59316
35400
39009
898
33542
47963
14598
708
10453
17446
35588
3141
47858
64188
36294
10916
54851
52879
51095
42461
35162
42528
10227
49914
17560
8616
55179
21534
29241
48270
31353
62877
61721
51128
41964
30684
6824
43279
46065
40619
50144
4511
35841
1987
55308
38745
25621
4492
25490
31311
13316
854
39491
49943
13016
26421
8437
18863
43738
34234
33525
17755
3240
45907
45586
32605
47347
45099
278
8151
20137
46199
36267
52805
34245
65095
13622
51681
19695
20853
14631
63989
17528
63623
47174
20322
1030
31867
17492
14121
17350
41864
39891
9779
58957
58031
65413
18690
36903
32017
40941
14987
31980
9535
12802
62668
21177
20972
10295
22398
890
14137
14285
3679
14990
47607
28380
64689
15505
57765
63261
53093
35150
37400
53600
59075
31967
23971
3892
25644
53065
24034
55425
3088
20867
27276
31569
39106
65146
5418
51632
37835
13744
17504
42486
22896
16138
33741
9681
22935
33528
25856
37318
18930
56152
3174
30272
58398
9904
2286
20124
3827
44184
20672
11860
20803
44619
1695
27322
1439
44164
64828
13527
40703
60332
42402
28957
3430
46016
46705
56890
58363
51639
51474
53092
47159
63457
62146
48489
32622
59570
61216
44747
44493
36666
23489
46734
1009
16703
15796
25904
20185
7134
11648
11312
42279
23535
4712
9244
44327
49794
60461
62578
15497
41676
21081
30029
48639
48419
45744
347
36268
61769
1178
58685
17507
11429
20240
19578
20163
52864
38974
62865
20725
18368
23512
41800
40528
44205
38220
4741
23956
43268
34772
26386
64295
8255
24081
53167
64269
18625
18378
12380
34889
16397
5267
8627
48998
41738
16396
35582
25143
18276
44591
41921
41883
42305
52750
44396
4031
8726
48546
14592
18399
16847
15455
8940
42085
49587
33267
33578
42417
62446
21923
56755
65256
64152
22296
47374
36699
4286
15727
2840
43660
11899
47929
24771
64677
32254
45109
20840
20000
14753
47600
21153
36055
18977
3472
54278
16366
61162
46328
13161
54870
44188
55974
30685
51723
61008
12302
17709
5234
10406
48238
26451
59062
51355
31756
2002
33844
59334
17419
49725
49337
12887
56186
41795
18751
58589
18837
48018
4093
32593
283
32446
1045
11169
64509
9166
32457
48946
38709
47553
23380
17312
16090
33861
41042
39659
54430
29820
39359
55618
26971
31964
42395
33304
701
63204
11038
55926
64426
2791
59851
52875
15897
52924
12872
34790
27244
48420
41850
17304
43305
60969
43769
28394
45633
40456
33941
46572
49000
44477
35368
56226
65377
51937
54997
47084
29940
22014
6159
5588
22459
17280
44806
56823
21817
32205
20253
42634
57405
31590
9585
36102
57700
7246
25462
63378
2068
39604
7743
19840
1450
42520
46794
55620
40743
10830
4264
19271
39578
61150
25751
56897
40709
7153
26687
832
36358
53715
17187
2068
14358
48189
36776
7668
32065
54395
44499
62171
34502
8665
28814
7675
16557
4273
44433
35167
12011
6719
14516
55382
9961
46083
7284
20052
64953
27108
32860
41956
25623
19387
12772
29336
40166
29356
33393
52375
34813
58936
31962
17320
21486
63735
62255
7719
41989
52071
45574
63662
52867
52397
9773
18762
10338
12148
56306
34777
57756
37136
41229
32187
26062
52251
27504
63714
21183
47948
60464
53932
4025
48676
24299
40168
46954
9469
28465
65105
4308
24046
14180
44825
40121
15648
27406
27805
33352
2846
47671
9404
18862
63286
45116
64647
39963
3276
36592
56991
39101
5509
33540
35394
894
47308
41163
255
38785
20668
15604
62543
61961
3560
52139
62046
54705
11374
40522
30820
20264
52776
50334
25841
36549
64793
28287
7291
64319
61314
24125
55690
9189
49608
65405
22402
14908
60043
16761
15918
44548
63593
25377
21648
24997
2051
62381
42431
51786
33138
42748
64145
44119
20308
35584
39267
9526
64636
13961
22977
23691
8552
49772
12180
45833
50378
38992
16250
8910
56415
14080
59392
63088
55823
5781
30754
5883
7692
30760
18086
12417
